1736013077662 0.32694533467292786 0
1736013096242 0.3186120092868805 1
1736013114786 0.316693514585495 2
1736013133962 0.3156958818435669 3
1736013152759 0.3152329921722412 4
1736013171645 0.31465816497802734 5
1736013191053 0.31453636288642883 6
1736013209278 0.3142309784889221 7
1736013227598 0.31410250067710876 8
1736013246474 0.31385305523872375 9
1736013265504 0.31373146176338196 10
1736013284695 0.31360235810279846 11
1736013303037 0.3132677674293518 12
1736013321133 0.31323134899139404 13
1736013339589 0.31299635767936707 14
1736013358228 0.31288906931877136 15
1736013377029 0.31282415986061096 16
1736013395879 0.3127784729003906 17
1736013414186 0.3125412166118622 18
1736013432865 0.31272464990615845 19
1736013451476 0.3123284578323364 20
1736013470845 0.31235969066619873 21
1736013489954 0.31218382716178894 22
1736013509033 0.3120904266834259 23
1736013528065 0.3121136426925659 24
1736013546112 0.31199848651885986 25
1736013564941 0.31193169951438904 26
1736013583995 0.3117682933807373 27
1736013603596 0.3117316663265228 28
1736013622761 0.3117407262325287 29
1736013640231 0.31158483028411865 30
1736013658823 0.31137627363204956 31
1736013676733 0.311369389295578 32
1736013695474 0.311347097158432 33
1736013713523 0.3113274872303009 34
1736013732568 0.31106218695640564 35
1736013751825 0.31115469336509705 36
1736013769698 0.3111253082752228 37
1736013787865 0.3110737204551697 38
1736013806913 0.31105896830558777 39
1736013825578 0.31106704473495483 40
1736013843842 0.3108825087547302 41
1736013862144 0.3106675148010254 42
1736013881567 0.31076011061668396 43
1736013902397 0.3108108937740326 44
1736013922456 0.3106575012207031 45
1736013942893 0.31064075231552124 46
1736013963498 0.31061166524887085 47
1736013982556 0.31048908829689026 48
1736014003188 0.31045278906822205 49
1736014023198 0.3103784918785095 50
1736014043243 0.31039541959762573 51
1736014062263 0.3102705180644989 52
1736014082242 0.3102019727230072 53
1736014102425 0.3102964460849762 54
1736014122813 0.31011760234832764 55
1736014143538 0.31000590324401855 56
1736014163062 0.31008803844451904 57
1736014183083 0.3099500238895416 58
1736014203049 0.3098432719707489 59
1736014223072 0.30982139706611633 60
1736014243432 0.3099927008152008 61
1736014263437 0.309784859418869 62
1736014282967 0.30979934334754944 63
1736014302849 0.3097275197505951 64
1736014322245 0.30974048376083374 65
1736014341252 0.30949288606643677 66
1736014360285 0.3096688687801361 67
1736014379381 0.3096611499786377 68
1736014398853 0.30943238735198975 69
1736014416601 0.30953121185302734 70
1736014435150 0.3094600439071655 71
1736014453399 0.3092600703239441 72
1736014471572 0.3094111382961273 73
1736014490347 0.30946531891822815 74
1736014509288 0.3093273341655731 75
1736014528241 0.3092675805091858 76
1736014547878 0.3092026114463806 77
1736014567785 0.3092990219593048 78
1736014586542 0.30916306376457214 79
1736014605589 0.30919021368026733 80
1736014625870 0.3090776801109314 81
1736014645401 0.3091171383857727 82
1736014666367 0.3089296221733093 83
1736014685606 0.3090527355670929 84
1736014704716 0.30898573994636536 85
1736014723748 0.3089052140712738 86
1736014742790 0.3088783323764801 87
1736014762042 0.3089978098869324 88
1736014779941 0.3089088499546051 89
1736014798820 0.3088546395301819 90
1736014817180 0.30878114700317383 91
1736014836341 0.30888986587524414 92
1736014856222 0.3087383210659027 93
1736014875723 0.30885618925094604 94
1736014893859 0.30883073806762695 95
1736014912622 0.3087863326072693 96
1736014931321 0.3087100386619568 97
1736014949697 0.30866360664367676 98
1736014968278 0.3087848722934723 99
