1736013077659 0.8626271486282349 0
1736013096239 0.864065945148468 1
1736013114784 0.8651253581047058 2
1736013133959 0.8654259443283081 3
1736013152757 0.865583598613739 4
1736013171643 0.8657807111740112 5
1736013191051 0.8659482598304749 6
1736013209275 0.8656920194625854 7
1736013227595 0.8659679293632507 8
1736013246472 0.8662143349647522 9
1736013265501 0.8664015531539917 10
1736013284693 0.8661699891090393 11
1736013303035 0.8666430115699768 12
1736013321131 0.8662241697311401 13
1736013339586 0.8668351769447327 14
1736013358226 0.8666134476661682 15
1736013377027 0.8666036128997803 16
1736013395875 0.8665937185287476 17
1736013414184 0.8667070865631104 18
1736013432863 0.866667628288269 19
1736013451473 0.866815447807312 20
1736013470841 0.8669238686561584 21
1736013489952 0.866953432559967 22
1736013509030 0.867125928401947 23
1736013528063 0.8669583797454834 24
1736013546110 0.8672688007354736 25
1736013564939 0.8672096729278564 26
1736013583992 0.8672885298728943 27
1736013603594 0.8669090867042542 28
1736013622758 0.8671751618385315 29
1736013640228 0.867249071598053 30
1736013658819 0.8671308159828186 31
1736013676731 0.8672934174537659 32
1736013695472 0.8671801090240479 33
1736013713520 0.8673673272132874 34
1736013732565 0.8674659132957458 35
1736013751823 0.8673377633094788 36
1736013769695 0.8671801090240479 37
1736013787863 0.86727374792099 38
1736013806910 0.8673427104949951 39
1736013825575 0.8671801090240479 40
1736013843838 0.8672195076942444 41
1736013862142 0.8675152063369751 42
1736013881565 0.867421567440033 43
1736013902395 0.8674116730690002 44
1736013922454 0.867534875869751 45
1736013942891 0.8673821091651917 46
1736013963496 0.8675841689109802 47
1736013982553 0.867682695388794 48
1736014003186 0.8678157329559326 49
1736014023195 0.8673624396324158 50
1736014043241 0.8677319884300232 51
1736014062259 0.8676334619522095 52
1736014082239 0.8675447702407837 53
1736014102423 0.8675743341445923 54
1736014122811 0.8679438829421997 55
1736014143535 0.8674116730690002 56
1736014163058 0.867559552192688 57
1736014183081 0.8678502440452576 58
1736014203046 0.8676137328147888 59
1736014223069 0.8678058981895447 60
1736014243429 0.867786169052124 61
1736014263434 0.8675743341445923 62
1736014282964 0.8676679134368896 63
1736014302847 0.8676531314849854 64
1736014322242 0.8678009510040283 65
1736014341249 0.8679487705230713 66
1736014360282 0.8677713871002197 67
1736014379379 0.8677517175674438 68
1736014398851 0.8679093718528748 69
1736014416599 0.8675891160964966 70
1736014435148 0.8679980635643005 71
1736014453396 0.8679192066192627 72
1736014471569 0.8676778078079224 73
1736014490344 0.8677172064781189 74
1736014509285 0.8676925897598267 75
1736014528237 0.8680867552757263 76
1736014547874 0.8681212663650513 77
1736014567782 0.8677960634231567 78
1736014586539 0.8676876425743103 79
1736014605587 0.8681951761245728 80
1736014625868 0.8680670261383057 81
1736014645396 0.867924153804779 82
1736014666364 0.8677418231964111 83
1736014685602 0.867682695388794 84
1736014704712 0.867638349533081 85
1736014723746 0.8675743341445923 86
1736014742788 0.8680670261383057 87
1736014762040 0.8679487705230713 88
1736014779938 0.8676876425743103 89
1736014798818 0.8680276274681091 90
1736014817176 0.8681015372276306 91
1736014836337 0.8677024245262146 92
1736014856219 0.8679389357566833 93
1736014875721 0.8680867552757263 94
1736014893857 0.8678009510040283 95
1736014912620 0.8677713871002197 96
1736014931319 0.868106484413147 97
1736014949694 0.8679044246673584 98
1736014968276 0.8682149052619934 99
