1736015626180 0.8627897500991821 0
1736015646448 0.8648198246955872 1
1736015666672 0.8653717041015625 2
1736015686369 0.8654012680053711 3
1736015706196 0.8654209971427917 4
1736015730002 0.8658546209335327 5
1736015754227 0.8659235835075378 6
1736015775212 0.8658447861671448 7
1736015798457 0.8661748766899109 8
1736015821357 0.8661847710609436 9
1736015845732 0.8664804100990295 10
1736015870306 0.8667957782745361 11
1736015893482 0.8664902448654175 12
1736015917307 0.8666873574256897 13
1736015942227 0.8668894171714783 14
1736015966282 0.8666873574256897 15
1736015989865 0.8668992519378662 16
1736016012260 0.8670027256011963 17
1736016035536 0.8671653270721436 18
1736016061981 0.8672441840171814 19
1736016083165 0.8678009510040283 20
1736016102784 0.8673427104949951 21
1736016122268 0.8675940036773682 22
1736016141749 0.8672047257423401 23
1736016161881 0.8674659132957458 24
