1736015626182 0.3258999288082123 0
1736015646451 0.3182372450828552 1
1736015666676 0.31635087728500366 2
1736015686371 0.31562456488609314 3
1736015706199 0.31501632928848267 4
1736015730006 0.3147493600845337 5
1736015754230 0.31427669525146484 6
1736015775216 0.31405743956565857 7
1736015798460 0.313630610704422 8
1736015821360 0.31338435411453247 9
1736015845736 0.3130439519882202 10
1736015870310 0.3128971457481384 11
1736015893486 0.31270670890808105 12
1736015917310 0.3125719726085663 13
1736015942229 0.31228914856910706 14
1736015966285 0.3121109902858734 15
1736015989869 0.31176239252090454 16
1736016012262 0.3115309178829193 17
1736016035539 0.3114982545375824 18
1736016061984 0.3114064931869507 19
1736016083168 0.3110838234424591 20
1736016102786 0.31108659505844116 21
1736016122271 0.31068968772888184 22
1736016141752 0.31061214208602905 23
1736016161884 0.3105165362358093 24
