1735928271538 0.865874329864396 0
1735928292532 0.865874329864396 0
1735928328258 0.865874329864396 0
1735928505055 0.865874329864396 0
1735928509340 0.865874329864396 0
1735928631152 0.865874329864396 0
1735928669346 0.865874329864396 0
1735928679298 0.865874329864396 0
1735928822316 0.865874329864396 0
1735928936102 0.865874329864396 0
1735928978153 0.865874329864396 0
1735929022542 0.865874329864396 0
1735929032283 0.865874329864396 0
1735929039576 0.865874329864396 0
1735929074307 0.865874329864396 0
1735929107265 0.865874329864396 0
1735929117404 0.865874329864396 0
1735929694221 0.865874329864396 0
1735929730051 0.865874329864396 0
1735929737392 0.865874329864396 0
1735929741721 0.865874329864396 0
1735929758609 0.865874329864396 0
1735929854388 0.865874329864396 0
1735929859971 0.865874329864396 0
1735929956657 0.865874329864396 0
1735930010764 0.865874329864396 0
1735930014822 0.865874329864396 0
1735930051397 0.865874329864396 0
1735930476802 0.865874329864396 0
1735930526720 0.865874329864396 0
1735930549536 0.865874329864396 0
1735931264592 0.865874329864396 0
1735931921509 0.865874329864396 0
